[gd_scene load_steps=3 format=2]

[sub_resource type="Shader" id=1]
code = "shader_type canvas_item;

void fragment() {
    vec3 col = -8.0 * texture(TEXTURE, UV).xyz;
    col += texture(TEXTURE, UV + vec2(0.0, SCREEN_PIXEL_SIZE.y)).xyz;
    col += texture(TEXTURE, UV + vec2(0.0, -SCREEN_PIXEL_SIZE.y)).xyz;
    col += texture(TEXTURE, UV + vec2(SCREEN_PIXEL_SIZE.x, 0.0)).xyz;
    col += texture(TEXTURE, UV + vec2(-SCREEN_PIXEL_SIZE.x, 0.0)).xyz;
    col += texture(TEXTURE, UV + SCREEN_PIXEL_SIZE.xy).xyz;
    col += texture(TEXTURE, UV - SCREEN_PIXEL_SIZE.xy).xyz;
    col += texture(TEXTURE, UV + vec2(-SCREEN_PIXEL_SIZE.x, SCREEN_PIXEL_SIZE.y)).xyz;
    col += texture(TEXTURE, UV + vec2(SCREEN_PIXEL_SIZE.x, -SCREEN_PIXEL_SIZE.y)).xyz;
    COLOR.xyz = col;
}
"

[sub_resource type="ShaderMaterial" id=2]
shader = SubResource( 1 )

[node name="SinglePassPostProcessing" type="Spatial"]

[node name="ViewportContainer" type="ViewportContainer" parent="."]
material = SubResource( 2 )
margin_right = 40.0
margin_bottom = 40.0

[node name="Viewport" type="Viewport" parent="ViewportContainer"]
size = Vector2( 1024, 600 )
handle_input_locally = false
render_target_update_mode = 3

[node name="CSGBox" type="CSGBox" parent="ViewportContainer/Viewport"]
transform = Transform( -0.947077, -0.145785, -0.285994, -0.178521, -0.501247, 0.846688, -0.266788, 0.852935, 0.448694, -3.40609, 0, -2.31164 )

[node name="CSGBox2" type="CSGBox" parent="ViewportContainer/Viewport"]
transform = Transform( -0.551101, 0.653061, -0.519422, -0.786497, -0.614486, 0.0618826, -0.278765, 0.442628, 0.852274, 0.595712, -0.091699, -0.859752 )

[node name="CSGBox3" type="CSGBox" parent="ViewportContainer/Viewport"]
transform = Transform( 0.92466, 0.250184, 0.287074, 0.0364906, 0.692199, -0.720784, -0.379041, 0.676956, 0.63092, 4.02684, -0.130188, -3.38549 )

[node name="Camera" type="Camera" parent="ViewportContainer/Viewport"]
transform = Transform( 1, 0, 0, 0, 0.972133, 0.23443, 0, -0.23443, 0.972133, 0, 1.41415, 3.5184 )
